R2: 0.872275
RMSE: 0.323399
MAE: 0.207015